
x = 2*e+03
