n = 10*2^6
v1 = 1.332915919841503
v2 = 0.465710618372805
h0 = 27.030921884493136

n = 10*2^7
v1 = 1.332916065370408, delta = 1.455289049268060e-07
v2 = 0.465710616652694, delta = -1.720110998082447e-09
h0 = 27.030920503965017, delta = -1.380528118488655e-06

n = 10 *2^8 = 2560 	(EFTER N = 2560 BLIR INTE FELET MINDRE)
v1 = 1.332916138129246, delta = 7.275883806556749e-08
v2 = 0.465710615794289, delta = -8.584049582260889e-10
h0 = 27.030919813323244, delta = -6.906417731045167e-07

n = 10*2^10
v1 = 1.332916181568144, delta = 4.343889803415379e-08
v2 = 0.465710615150186, delta = -6.441029931636422e-10
h0 = 27.030919295186713, delta = -5.181365310136243e-07

