Vid abs(t)>1e-10 för NR är kovergensen inte like
tydligen men det är ändå kvadratisk konvergens. 
Däremot vid 1e-9 är det
kvadratisk konvergens. 

Villkor: abs(t)>1e-10

n = 10*2^4
v1 = 1.332916182945202
v2 = 0.465710623532018
h0 = 27.030929358812394

n = 10*2^5
v1 = 1.332916184305404, delta = 1.360201951072781e-09
v2 = 0.465710616026796, delta = -7.505221999437595e-09
h0 = 27.030919294745132, delta = -1.006406726133946e-05

n = 10*2^6
v1 = 1.332916184590525, delta = 2.851210378906899e-10
v2 = 0.465710614952422, delta = -1.074373978671161e-09
h0 = 27.030919285753317, delta = -8.991815292347383e-09

n = 10*2^7
v1 = 1.332916184658394, delta = 6.786882167375552e-11
v2 = 0.465710614944920, delta = -7.501999021997108e-12
h0 = 27.030919269703165, delta = -1.605015143013588e-08